99 1 -0.0007 -0.0004 100.0 518.67 641.82 1589.70 1400.60 14.62 21.61 554.36 2388.06 9046.19 1.30 47.48 521.66 2388.02 8138.19 8.4195 0.03 392 2388 100.00 39.06 23.4190
99 2 -0.0007 -0.0004 100.0 518.67 641.82 1589.70 1400.60 14.62 21.61 554.36 2388.06 9046.19 1.30 47.49 521.66 2388.02 8137.63 8.4195 0.03 392 2388 100.00 39.06 23.4190
99 3 -0.0007 -0.0004 100.0 518.67 641.82 1589.70 1400.60 14.62 21.61 554.36 2388.06 9046.19 1.30 47.50 521.66 2388.02 8137.07 8.4195 0.03 392 2388 100.00 39.06 23.4190
99 4 -0.0007 -0.0004 100.0 518.67 641.82 1589.70 1400.60 14.62 21.61 554.36 2388.06 9046.19 1.30 47.50 521.66 2388.02 8136.88 8.4195 0.03 392 2388 100.00 39.06 23.4190
99 5 -0.0007 -0.0004 100.0 518.67 641.82 1589.70 1400.60 14.62 21.61 554.36 2388.06 9046.19 1.30 47.51 521.66 2388.02 8135.85 8.4195 0.03 392 2388 100.00 39.06 23.4190
99 6 -0.0007 -0.0004 100.0 518.67 641.82 1589.70 1400.60 14.62 21.61 554.36 2388.06 9046.19 1.30 47.54 521.66 2388.02 8135.44 8.4195 0.03 392 2388 100.00 39.06 23.4190
99 7 -0.0007 -0.0004 100.0 518.67 641.82 1589.70 1400.60 14.62 21.61 554.36 2388.06 9046.19 1.30 47.53 521.66 2388.02 8134.64 8.4195 0.03 392 2388 100.00 39.06 23.4190
99 8 -0.0007 -0.0004 100.0 518.67 641.82 1589.70 1400.60 14.62 21.61 554.36 2388.06 9046.19 1.30 47.54 521.66 2388.02 8134.02 8.4195 0.03 392 2388 100.00 39.06 23.4190
99 9 -0.0007 -0.0004 100.0 518.67 641.82 1589.70 1400.60 14.62 21.61 554.36 2388.06 9046.19 1.30 47.56 521.66 2388.02 8134.68 8.4195 0.03 392 2388 100.00 39.06 23.4190
99 10 -0.0007 -0.0004 100.0 518.67 641.82 1589.70 1400.60 14.62 21.61 554.36 2388.06 9046.19 1.30 47.58 521.66 2388.02 8134.03 8.4195 0.03 392 2388 100.00 39.06 23.4190
99 11 -0.0007 -0.0004 100.0 518.67 641.82 1589.70 1400.60 14.62 21.61 554.36 2388.06 9046.19 1.30 47.57 521.66 2388.02 8132.70 8.4195 0.03 392 2388 100.00 39.06 23.4190
99 12 -0.0007 -0.0004 100.0 518.67 641.82 1589.70 1400.60 14.62 21.61 554.36 2388.06 9046.19 1.30 47.60 521.66 2388.02 8131.68 8.4195 0.03 392 2388 100.00 39.06 23.4190
99 13 -0.0007 -0.0004 100.0 518.67 641.82 1589.70 1400.60 14.62 21.61 554.36 2388.06 9046.19 1.30 47.59 521.66 2388.02 8130.83 8.4195 0.03 392 2388 100.00 39.06 23.4190
99 14 -0.0007 -0.0004 100.0 518.67 641.82 1589.70 1400.60 14.62 21.61 554.36 2388.06 9046.19 1.30 47.58 521.66 2388.02 8131.81 8.4195 0.03 392 2388 100.00 39.06 23.4190
99 15 -0.0007 -0.0004 100.0 518.67 641.82 1589.70 1400.60 14.62 21.61 554.36 2388.06 9046.19 1.30 47.64 521.66 2388.02 8130.93 8.4195 0.03 392 2388 100.00 39.06 23.4190
99 16 -0.0007 -0.0004 100.0 518.67 641.82 1589.70 1400.60 14.62 21.61 554.36 2388.06 9046.19 1.30 47.61 521.66 2388.02 8130.56 8.4195 0.03 392 2388 100.00 39.06 23.4190
99 17 -0.0007 -0.0004 100.0 518.67 641.82 1589.70 1400.60 14.62 21.61 554.36 2388.06 9046.19 1.30 47.65 521.66 2388.02 8129.18 8.4195 0.03 392 2388 100.00 39.06 23.4190
99 18 -0.0007 -0.0004 100.0 518.67 641.82 1589.70 1400.60 14.62 21.61 554.36 2388.06 9046.19 1.30 47.63 521.66 2388.02 8128.49 8.4195 0.03 392 2388 100.00 39.06 23.4190
99 19 -0.0007 -0.0004 100.0 518.67 641.82 1589.70 1400.60 14.62 21.61 554.36 2388.06 9046.19 1.30 47.65 521.66 2388.02 8128.00 8.4195 0.03 392 2388 100.00 39.06 23.4190
99 20 -0.0007 -0.0004 100.0 518.67 641.82 1589.70 1400.60 14.62 21.61 554.36 2388.06 9046.19 1.30 47.65 521.66 2388.02 8126.95 8.4195 0.03 392 2388 100.00 39.06 23.4190
99 21 -0.0007 -0.0004 100.0 518.67 641.82 1589.70 1400.60 14.62 21.61 554.36 2388.06 9046.19 1.30 47.65 521.66 2388.02 8129.65 8.4195 0.03 392 2388 100.00 39.06 23.4190
99 22 -0.0007 -0.0004 100.0 518.67 641.82 1589.70 1400.60 14.62 21.61 554.36 2388.06 9046.19 1.30 47.72 521.66 2388.02 8125.86 8.4195 0.03 392 2388 100.00 39.06 23.4190
99 23 -0.0007 -0.0004 100.0 518.67 641.82 1589.70 1400.60 14.62 21.61 554.36 2388.06 9046.19 1.30 47.69 521.66 2388.02 8127.60 8.4195 0.03 392 2388 100.00 39.06 23.4190
99 24 -0.0007 -0.0004 100.0 518.67 641.82 1589.70 1400.60 14.62 21.61 554.36 2388.06 9046.19 1.30 47.74 521.66 2388.02 8127.48 8.4195 0.03 392 2388 100.00 39.06 23.4190
99 25 -0.0007 -0.0004 100.0 518.67 641.82 1589.70 1400.60 14.62 21.61 554.36 2388.06 9046.19 1.30 47.68 521.66 2388.02 8127.40 8.4195 0.03 392 2388 100.00 39.06 23.4190
99 26 -0.0007 -0.0004 100.0 518.67 641.82 1589.70 1400.60 14.62 21.61 554.36 2388.06 9046.19 1.30 47.78 521.66 2388.02 8124.59 8.4195 0.03 392 2388 100.00 39.06 23.4190
99 27 -0.0007 -0.0004 100.0 518.67 641.82 1589.70 1400.60 14.62 21.61 554.36 2388.06 9046.19 1.30 47.69 521.66 2388.02 8123.70 8.4195 0.03 392 2388 100.00 39.06 23.4190
99 28 -0.0007 -0.0004 100.0 518.67 641.82 1589.70 1400.60 14.62 21.61 554.36 2388.06 9046.19 1.30 47.73 521.66 2388.02 8123.70 8.4195 0.03 392 2388 100.00 39.06 23.4190
99 29 -0.0007 -0.0004 100.0 518.67 641.82 1589.70 1400.60 14.62 21.61 554.36 2388.06 9046.19 1.30 47.73 521.66 2388.02 8122.30 8.4195 0.03 392 2388 100.00 39.06 23.4190
99 30 -0.0007 -0.0004 100.0 518.67 641.82 1589.70 1400.60 14.62 21.61 554.36 2388.06 9046.19 1.30 47.79 521.66 2388.02 8126.39 8.4195 0.03 392 2388 100.00 39.06 23.4190
99 31 -0.0007 -0.0004 100.0 518.67 641.82 1589.70 1400.60 14.62 21.61 554.36 2388.06 9046.19 1.30 47.75 521.66 2388.02 8125.76 8.4195 0.03 392 2388 100.00 39.06 23.4190
99 32 -0.0007 -0.0004 100.0 518.67 641.82 1589.70 1400.60 14.62 21.61 554.36 2388.06 9046.19 1.30 47.75 521.66 2388.02 8124.54 8.4195 0.03 392 2388 100.00 39.06 23.4190
99 33 -0.0007 -0.0004 100.0 518.67 641.82 1589.70 1400.60 14.62 21.61 554.36 2388.06 9046.19 1.30 47.85 521.66 2388.02 8122.76 8.4195 0.03 392 2388 100.00 39.06 23.4190
99 34 -0.0007 -0.0004 100.0 518.67 641.82 1589.70 1400.60 14.62 21.61 554.36 2388.06 9046.19 1.30 47.76 521.66 2388.02 8123.08 8.4195 0.03 392 2388 100.00 39.06 23.4190
99 35 -0.0007 -0.0004 100.0 518.67 641.82 1589.70 1400.60 14.62 21.61 554.36 2388.06 9046.19 1.30 47.76 521.66 2388.02 8119.09 8.4195 0.03 392 2388 100.00 39.06 23.4190
100 1 -0.0007 -0.0004 100.0 518.67 641.82 1589.70 1400.60 14.62 21.61 554.36 2388.06 9046.19 1.30 47.48 521.66 2388.02 8138.17 8.4195 0.03 392 2388 100.00 39.06 23.4190
100 2 -0.0007 -0.0004 100.0 518.67 641.82 1589.70 1400.60 14.62 21.61 554.36 2388.06 9046.19 1.30 47.49 521.66 2388.02 8137.65 8.4195 0.03 392 2388 100.00 39.06 23.4190
100 3 -0.0007 -0.0004 100.0 518.67 641.82 1589.70 1400.60 14.62 21.61 554.36 2388.06 9046.19 1.30 47.50 521.66 2388.02 8137.38 8.4195 0.03 392 2388 100.00 39.06 23.4190
100 4 -0.0007 -0.0004 100.0 518.67 641.82 1589.70 1400.60 14.62 21.61 554.36 2388.06 9046.19 1.30 47.51 521.66 2388.02 8136.68 8.4195 0.03 392 2388 100.00 39.06 23.4190
100 5 -0.0007 -0.0004 100.0 518.67 641.82 1589.70 1400.60 14.62 21.61 554.36 2388.06 9046.19 1.30 47.53 521.66 2388.02 8135.83 8.4195 0.03 392 2388 100.00 39.06 23.4190
100 6 -0.0007 -0.0004 100.0 518.67 641.82 1589.70 1400.60 14.62 21.61 554.36 2388.06 9046.19 1.30 47.52 521.66 2388.02 8136.15 8.4195 0.03 392 2388 100.00 39.06 23.4190
100 7 -0.0007 -0.0004 100.0 518.67 641.82 1589.70 1400.60 14.62 21.61 554.36 2388.06 9046.19 1.30 47.54 521.66 2388.02 8135.17 8.4195 0.03 392 2388 100.00 39.06 23.4190
100 8 -0.0007 -0.0004 100.0 518.67 641.82 1589.70 1400.60 14.62 21.61 554.36 2388.06 9046.19 1.30 47.54 521.66 2388.02 8135.26 8.4195 0.03 392 2388 100.00 39.06 23.4190
100 9 -0.0007 -0.0004 100.0 518.67 641.82 1589.70 1400.60 14.62 21.61 554.36 2388.06 9046.19 1.30 47.56 521.66 2388.02 8133.42 8.4195 0.03 392 2388 100.00 39.06 23.4190
100 10 -0.0007 -0.0004 100.0 518.67 641.82 1589.70 1400.60 14.62 21.61 554.36 2388.06 9046.19 1.30 47.58 521.66 2388.02 8133.51 8.4195 0.03 392 2388 100.00 39.06 23.4190
100 11 -0.0007 -0.0004 100.0 518.67 641.82 1589.70 1400.60 14.62 21.61 554.36 2388.06 9046.19 1.30 47.60 521.66 2388.02 8132.46 8.4195 0.03 392 2388 100.00 39.06 23.4190
100 12 -0.0007 -0.0004 100.0 518.67 641.82 1589.70 1400.60 14.62 21.61 554.36 2388.06 9046.19 1.30 47.61 521.66 2388.02 8133.35 8.4195 0.03 392 2388 100.00 39.06 23.4190
100 13 -0.0007 -0.0004 100.0 518.67 641.82 1589.70 1400.60 14.62 21.61 554.36 2388.06 9046.19 1.30 47.58 521.66 2388.02 8131.88 8.4195 0.03 392 2388 100.00 39.06 23.4190
100 14 -0.0007 -0.0004 100.0 518.67 641.82 1589.70 1400.60 14.62 21.61 554.36 2388.06 9046.19 1.30 47.62 521.66 2388.02 8130.90 8.4195 0.03 392 2388 100.00 39.06 23.4190
100 15 -0.0007 -0.0004 100.0 518.67 641.82 1589.70 1400.60 14.62 21.61 554.36 2388.06 9046.19 1.30 47.63 521.66 2388.02 8130.02 8.4195 0.03 392 2388 100.00 39.06 23.4190
100 16 -0.0007 -0.0004 100.0 518.67 641.82 1589.70 1400.60 14.62 21.61 554.36 2388.06 9046.19 1.30 47.64 521.66 2388.02 8129.67 8.4195 0.03 392 2388 100.00 39.06 23.4190
100 17 -0.0007 -0.0004 100.0 518.67 641.82 1589.70 1400.60 14.62 21.61 554.36 2388.06 9046.19 1.30 47.63 521.66 2388.02 8131.16 8.4195 0.03 392 2388 100.00 39.06 23.4190
100 18 -0.0007 -0.0004 100.0 518.67 641.82 1589.70 1400.60 14.62 21.61 554.36 2388.06 9046.19 1.30 47.67 521.66 2388.02 8127.89 8.4195 0.03 392 2388 100.00 39.06 23.4190
100 19 -0.0007 -0.0004 100.0 518.67 641.82 1589.70 1400.60 14.62 21.61 554.36 2388.06 9046.19 1.30 47.65 521.66 2388.02 8127.83 8.4195 0.03 392 2388 100.00 39.06 23.4190
100 20 -0.0007 -0.0004 100.0 518.67 641.82 1589.70 1400.60 14.62 21.61 554.36 2388.06 9046.19 1.30 47.70 521.66 2388.02 8127.44 8.4195 0.03 392 2388 100.00 39.06 23.4190
100 21 -0.0007 -0.0004 100.0 518.67 641.82 1589.70 1400.60 14.62 21.61 554.36 2388.06 9046.19 1.30 47.66 521.66 2388.02 8126.35 8.4195 0.03 392 2388 100.00 39.06 23.4190
100 22 -0.0007 -0.0004 100.0 518.67 641.82 1589.70 1400.60 14.62 21.61 554.36 2388.06 9046.19 1.30 47.71 521.66 2388.02 8129.35 8.4195 0.03 392 2388 100.00 39.06 23.4190
100 23 -0.0007 -0.0004 100.0 518.67 641.82 1589.70 1400.60 14.62 21.61 554.36 2388.06 9046.19 1.30 47.68 521.66 2388.02 8127.76 8.4195 0.03 392 2388 100.00 39.06 23.4190
100 24 -0.0007 -0.0004 100.0 518.67 641.82 1589.70 1400.60 14.62 21.61 554.36 2388.06 9046.19 1.30 47.71 521.66 2388.02 8128.71 8.4195 0.03 392 2388 100.00 39.06 23.4190
100 25 -0.0007 -0.0004 100.0 518.67 641.82 1589.70 1400.60 14.62 21.61 554.36 2388.06 9046.19 1.30 47.67 521.66 2388.02 8126.65 8.4195 0.03 392 2388 100.00 39.06 23.4190
100 26 -0.0007 -0.0004 100.0 518.67 641.82 1589.70 1400.60 14.62 21.61 554.36 2388.06 9046.19 1.30 47.71 521.66 2388.02 8124.37 8.4195 0.03 392 2388 100.00 39.06 23.4190
100 27 -0.0007 -0.0004 100.0 518.67 641.82 1589.70 1400.60 14.62 21.61 554.36 2388.06 9046.19 1.30 47.78 521.66 2388.02 8122.63 8.4195 0.03 392 2388 100.00 39.06 23.4190
100 28 -0.0007 -0.0004 100.0 518.67 641.82 1589.70 1400.60 14.62 21.61 554.36 2388.06 9046.19 1.30 47.70 521.66 2388.02 8125.83 8.4195 0.03 392 2388 100.00 39.06 23.4190
100 29 -0.0007 -0.0004 100.0 518.67 641.82 1589.70 1400.60 14.62 21.61 554.36 2388.06 9046.19 1.30 47.78 521.66 2388.02 8122.24 8.4195 0.03 392 2388 100.00 39.06 23.4190
100 30 -0.0007 -0.0004 100.0 518.67 641.82 1589.70 1400.60 14.62 21.61 554.36 2388.06 9046.19 1.30 47.80 521.66 2388.02 8122.59 8.4195 0.03 392 2388 100.00 39.06 23.4190
100 31 -0.0007 -0.0004 100.0 518.67 641.82 1589.70 1400.60 14.62 21.61 554.36 2388.06 9046.19 1.30 47.76 521.66 2388.02 8120.34 8.4195 0.03 392 2388 100.00 39.06 23.4190
100 32 -0.0007 -0.0004 100.0 518.67 641.82 1589.70 1400.60 14.62 21.61 554.36 2388.06 9046.19 1.30 47.74 521.66 2388.02 8120.93 8.4195 0.03 392 2388 100.00 39.06 23.4190
100 33 -0.0007 -0.0004 100.0 518.67 641.82 1589.70 1400.60 14.62 21.61 554.36 2388.06 9046.19 1.30 47.79 521.66 2388.02 8124.72 8.4195 0.03 392 2388 100.00 39.06 23.4190
100 34 -0.0007 -0.0004 100.0 518.67 641.82 1589.70 1400.60 14.62 21.61 554.36 2388.06 9046.19 1.30 47.80 521.66 2388.02 8118.99 8.4195 0.03 392 2388 100.00 39.06 23.4190
100 35 -0.0007 -0.0004 100.0 518.67 641.82 1589.70 1400.60 14.62 21.61 554.36 2388.06 9046.19 1.30 47.81 521.66 2388.02 8121.88 8.4195 0.03 392 2388 100.00 39.06 23.4190
101 1 -0.0007 -0.0004 100.0 518.67 641.82 1589.70 1400.60 14.62 21.61 554.36 2388.06 9046.19 1.30 47.48 521.66 2388.02 8138.17 8.4195 0.03 392 2388 100.00 39.06 23.4190
101 2 -0.0007 -0.0004 100.0 518.67 641.82 1589.70 1400.60 14.62 21.61 554.36 2388.06 9046.19 1.30 47.49 521.66 2388.02 8137.58 8.4195 0.03 392 2388 100.00 39.06 23.4190
101 3 -0.0007 -0.0004 100.0 518.67 641.82 1589.70 1400.60 14.62 21.61 554.36 2388.06 9046.19 1.30 47.49 521.66 2388.02 8136.92 8.4195 0.03 392 2388 100.00 39.06 23.4190
101 4 -0.0007 -0.0004 100.0 518.67 641.82 1589.70 1400.60 14.62 21.61 554.36 2388.06 9046.19 1.30 47.50 521.66 2388.02 8136.29 8.4195 0.03 392 2388 100.00 39.06 23.4190
101 5 -0.0007 -0.0004 100.0 518.67 641.82 1589.70 1400.60 14.62 21.61 554.36 2388.06 9046.19 1.30 47.53 521.66 2388.02 8135.87 8.4195 0.03 392 2388 100.00 39.06 23.4190
101 6 -0.0007 -0.0004 100.0 518.67 641.82 1589.70 1400.60 14.62 21.61 554.36 2388.06 9046.19 1.30 47.54 521.66 2388.02 8135.02 8.4195 0.03 392 2388 100.00 39.06 23.4190
101 7 -0.0007 -0.0004 100.0 518.67 641.82 1589.70 1400.60 14.62 21.61 554.36 2388.06 9046.19 1.30 47.53 521.66 2388.02 8135.55 8.4195 0.03 392 2388 100.00 39.06 23.4190
101 8 -0.0007 -0.0004 100.0 518.67 641.82 1589.70 1400.60 14.62 21.61 554.36 2388.06 9046.19 1.30 47.56 521.66 2388.02 8135.08 8.4195 0.03 392 2388 100.00 39.06 23.4190
101 9 -0.0007 -0.0004 100.0 518.67 641.82 1589.70 1400.60 14.62 21.61 554.36 2388.06 9046.19 1.30 47.54 521.66 2388.02 8134.65 8.4195 0.03 392 2388 100.00 39.06 23.4190
101 10 -0.0007 -0.0004 100.0 518.67 641.82 1589.70 1400.60 14.62 21.61 554.36 2388.06 9046.19 1.30 47.56 521.66 2388.02 8133.04 8.4195 0.03 392 2388 100.00 39.06 23.4190
101 11 -0.0007 -0.0004 100.0 518.67 641.82 1589.70 1400.60 14.62 21.61 554.36 2388.06 9046.19 1.30 47.58 521.66 2388.02 8133.21 8.4195 0.03 392 2388 100.00 39.06 23.4190
101 12 -0.0007 -0.0004 100.0 518.67 641.82 1589.70 1400.60 14.62 21.61 554.36 2388.06 9046.19 1.30 47.58 521.66 2388.02 8132.68 8.4195 0.03 392 2388 100.00 39.06 23.4190
101 13 -0.0007 -0.0004 100.0 518.67 641.82 1589.70 1400.60 14.62 21.61 554.36 2388.06 9046.19 1.30 47.62 521.66 2388.02 8132.95 8.4195 0.03 392 2388 100.00 39.06 23.4190
101 14 -0.0007 -0.0004 100.0 518.67 641.82 1589.70 1400.60 14.62 21.61 554.36 2388.06 9046.19 1.30 47.63 521.66 2388.02 8131.57 8.4195 0.03 392 2388 100.00 39.06 23.4190
101 15 -0.0007 -0.0004 100.0 518.67 641.82 1589.70 1400.60 14.62 21.61 554.36 2388.06 9046.19 1.30 47.64 521.66 2388.02 8131.30 8.4195 0.03 392 2388 100.00 39.06 23.4190
101 16 -0.0007 -0.0004 100.0 518.67 641.82 1589.70 1400.60 14.62 21.61 554.36 2388.06 9046.19 1.30 47.65 521.66 2388.02 8129.19 8.4195 0.03 392 2388 100.00 39.06 23.4190
101 17 -0.0007 -0.0004 100.0 518.67 641.82 1589.70 1400.60 14.62 21.61 554.36 2388.06 9046.19 1.30 47.66 521.66 2388.02 8130.82 8.4195 0.03 392 2388 100.00 39.06 23.4190
101 18 -0.0007 -0.0004 100.0 518.67 641.82 1589.70 1400.60 14.62 21.61 554.36 2388.06 9046.19 1.30 47.65 521.66 2388.02 8130.25 8.4195 0.03 392 2388 100.00 39.06 23.4190
101 19 -0.0007 -0.0004 100.0 518.67 641.82 1589.70 1400.60 14.62 21.61 554.36 2388.06 9046.19 1.30 47.66 521.66 2388.02 8127.47 8.4195 0.03 392 2388 100.00 39.06 23.4190
101 20 -0.0007 -0.0004 100.0 518.67 641.82 1589.70 1400.60 14.62 21.61 554.36 2388.06 9046.19 1.30 47.65 521.66 2388.02 8128.84 8.4195 0.03 392 2388 100.00 39.06 23.4190
101 21 -0.0007 -0.0004 100.0 518.67 641.82 1589.70 1400.60 14.62 21.61 554.36 2388.06 9046.19 1.30 47.64 521.66 2388.02 8126.74 8.4195 0.03 392 2388 100.00 39.06 23.4190
101 22 -0.0007 -0.0004 100.0 518.67 641.82 1589.70 1400.60 14.62 21.61 554.36 2388.06 9046.19 1.30 47.71 521.66 2388.02 8128.70 8.4195 0.03 392 2388 100.00 39.06 23.4190
101 23 -0.0007 -0.0004 100.0 518.67 641.82 1589.70 1400.60 14.62 21.61 554.36 2388.06 9046.19 1.30 47.72 521.66 2388.02 8126.52 8.4195 0.03 392 2388 100.00 39.06 23.4190
101 24 -0.0007 -0.0004 100.0 518.67 641.82 1589.70 1400.60 14.62 21.61 554.36 2388.06 9046.19 1.30 47.73 521.66 2388.02 8124.23 8.4195 0.03 392 2388 100.00 39.06 23.4190
101 25 -0.0007 -0.0004 100.0 518.67 641.82 1589.70 1400.60 14.62 21.61 554.36 2388.06 9046.19 1.30 47.72 521.66 2388.02 8125.11 8.4195 0.03 392 2388 100.00 39.06 23.4190
101 26 -0.0007 -0.0004 100.0 518.67 641.82 1589.70 1400.60 14.62 21.61 554.36 2388.06 9046.19 1.30 47.71 521.66 2388.02 8125.78 8.4195 0.03 392 2388 100.00 39.06 23.4190
101 27 -0.0007 -0.0004 100.0 518.67 641.82 1589.70 1400.60 14.62 21.61 554.36 2388.06 9046.19 1.30 47.71 521.66 2388.02 8124.72 8.4195 0.03 392 2388 100.00 39.06 23.4190
101 28 -0.0007 -0.0004 100.0 518.67 641.82 1589.70 1400.60 14.62 21.61 554.36 2388.06 9046.19 1.30 47.73 521.66 2388.02 8127.13 8.4195 0.03 392 2388 100.00 39.06 23.4190
101 29 -0.0007 -0.0004 100.0 518.67 641.82 1589.70 1400.60 14.62 21.61 554.36 2388.06 9046.19 1.30 47.82 521.66 2388.02 8124.24 8.4195 0.03 392 2388 100.00 39.06 23.4190
101 30 -0.0007 -0.0004 100.0 518.67 641.82 1589.70 1400.60 14.62 21.61 554.36 2388.06 9046.19 1.30 47.80 521.66 2388.02 8124.16 8.4195 0.03 392 2388 100.00 39.06 23.4190
101 31 -0.0007 -0.0004 100.0 518.67 641.82 1589.70 1400.60 14.62 21.61 554.36 2388.06 9046.19 1.30 47.74 521.66 2388.02 8122.56 8.4195 0.03 392 2388 100.00 39.06 23.4190
101 32 -0.0007 -0.0004 100.0 518.67 641.82 1589.70 1400.60 14.62 21.61 554.36 2388.06 9046.19 1.30 47.82 521.66 2388.02 8124.72 8.4195 0.03 392 2388 100.00 39.06 23.4190
101 33 -0.0007 -0.0004 100.0 518.67 641.82 1589.70 1400.60 14.62 21.61 554.36 2388.06 9046.19 1.30 47.84 521.66 2388.02 8119.23 8.4195 0.03 392 2388 100.00 39.06 23.4190
101 34 -0.0007 -0.0004 100.0 518.67 641.82 1589.70 1400.60 14.62 21.61 554.36 2388.06 9046.19 1.30 47.84 521.66 2388.02 8120.74 8.4195 0.03 392 2388 100.00 39.06 23.4190
101 35 -0.0007 -0.0004 100.0 518.67 641.82 1589.70 1400.60 14.62 21.61 554.36 2388.06 9046.19 1.30 47.76 521.66 2388.02 8124.04 8.4195 0.03 392 2388 100.00 39.06 23.4190
